377897
14898753
20421673
13063186
8954217
7325507
4014386
3830488
17832465
9877442
10988410
15230785
13601559
5612759
6789212
7016601
1942216
4718233
3263003
15945082
11785554
9003718
10489883
11644166
8135330
6391364
27018238
29587565
5395812
5799553
4738322
4764193
4183888
4325721
4668463
3966453
5053481
3697571
3577346
5249724
7686878
20100626
17639418
3174755
9032460
8531701
6264914
5629782
5045231
2581365
3233321
2594645
911715
719615
3496204
4154630
4281107
5707279
4397748
3533955
4257694
5050780
5270336
4123549
4164335
4586890
7674948
9132721
7880072
10340109
9558538
6050499
5568885
6422673
6358479
7595952
26329427
6659174
9827222
9075578
4644666
4851731
5349884
5028861
5304043
5390156
4721651
4637025
4630741
7197388
8482578
6443358
6864434
6405222
7920104
7204570
7551736
3037981
6591562
4617597
3982768
5173499
17736300
14917504
5249262
3327042
2811660
4702600
9611993
16684805
9434694
6370300
6846629
6132241
5426584
9064385
9739432
8845382
9324884
8914856
9267595
10030748
6285842
5207162
9939880
10038030
9757084
6892659
9177908
6923540
9283858
9627205
4915398
5898498
5744951
6170363
7991868
6409879
7627654
9016602
6981592
5103310
6244074
4926138
7379602
8011132
6322575
5529168
2585313
3010411
2342869
3304851
2809840
891813
692632
235564
124268
427098
