337339
14912671
24265636
22711544
19639705
20946809
11895609
7597636
56067905
45444680
54798068
69464107
50637608
19559369
22224402
22578365
8346702
15775481
9163235
41307095
28763893
21266416
23702229
27580394
20329780
16109183
58830800
66935122
15251076
16574034
13009028
12791674
11137898
11485310
12428518
9963766
12189364
10142396
10185488
14061455
20074099
46115254
40906522
7891151
21012466
23519424
18715420
17000816
14448126
6958676
9088791
7211881
3063586
2782179
9958410
12158708
12300216
15815684
13526256
11995130
13394791
14135828
15366126
14248439
13843717
14665119
21079187
25480074
23021754
27527834
26155848
17849379
16546531
17718949
17337137
20008245
58430914
16292703
25587422
23982306
13347845
14337991
14584990
13962401
14393788
14649457
13409715
13909605
13301968
19025846
19295426
18261873
19847604
18767181
22420858
19324333
20392234
7671072
17781906
12839336
10779770
14606687
41866951
37238410
14347759
11399187
10358641
14315696
23283631
37521367
22241104
15813346
17116450
18867054
17393609
24759401
25782433
25885372
26242011
23865378
25470681
27258768
17853711
14829893
27779697
27714923
25946474
19596259
23774167
19373656
23977420
24493733
14528511
16841176
16743604
17975224
22329548
16001583
18238584
21308824
17749058
14127787
17525699
14240042
20324139
21993033
18863108
15964734
8284939
9004706
6955279
10701639
9459459
3212828
2509989
2004927
591360
2394426
