336477
14648397
17616813
8581118
4726840
3421740
1987360
2185110
9295618
5971357
7669174
10578989
9449433
3829326
4447520
4548277
1103419
2715414
1997555
11199212
8376884
6254528
7313446
8054223
5596063
4316804
18604040
20723782
3622285
3854472
3217701
3212580
2781171
2867806
3105896
2659767
3460653
2382623
2243677
3408862
5061692
13308063
11857920
2182595
6334422
5516229
3897146
3491407
3184630
1728577
2155907
1753721
618968
482994
2354236
2715272
2754002
3700338
2697401
2077748
2596297
2942589
3269601
2472824
2501617
2761582
4894685
5759046
4905689
6695853
6133072
3789723
3478014
4098626
4165439
5066445
18183186
4623087
6754819
6222613
3078962
3080827
3535232
3285443
3494448
3529670
3123898
3029270
3059193
4729676
5966743
4031950
4314280
4037231
4959415
4687332
4811858
2054604
4462862
3046638
2648526
3387394
12176825
10062382
3552565
2139919
1859346
3131242
6479978
11490169
6507505
4368401
4682869
3815757
3334508
5889797
6433588
5638739
6062060
5850985
6118487
6683536
4036556
3322499
6343093
6446252
6361946
4367184
6033322
4507990
6371885
6582726
3090648
3851594
3709626
3979395
5202497
4422067
5339294
6235334
4653534
3314391
4039495
3205850
4848722
5225224
4026891
3588599
1551058
1792688
1471940
2079411
1669374
352526
267244
111836
48639
121164
