334476
11007815
8849724
3191121
1661718
1315024
698359
730082
4047415
2863079
4167844
5571764
4925652
2030157
2240782
2211169
382046
1113969
820127
6357933
4814284
3419258
3944328
4284196
3022025
2248581
9946363
11684632
1849732
1942795
1704756
1697111
1529441
1568649
1677618
1415096
1894067
1186604
1068386
1700843
2536859
4742872
4955535
1260540
3605246
2770338
1855168
1666915
1555467
1008919
1227619
1015853
384076
295687
1328674
1492829
1484812
1868314
1253406
887933
1153403
1249023
1423973
1060162
1080597
1156442
2222640
2587311
2178351
3121089
2857420
1702477
1531670
1863424
1987392
2505586
9620218
2561608
3633991
3324070
1560020
1429188
1754144
1626020
1739228
1722735
1538145
1473412
1498968
2247334
3156442
1895098
1939135
1842874
2235830
2202171
2242042
1081763
2409013
1615028
1413467
1632450
5664827
4578115
1783835
1093613
975642
1658005
3055257
5355572
3278424
2318501
2473561
1730311
1455812
2869222
3226650
2705936
2998622
2928342
3059979
3367422
1950694
1541020
2926720
2991202
3002106
2015412
2894863
2185316
3370605
3492243
1307592
1881404
1806471
1945842
2538877
2298557
2831497
3200905
2180586
1500505
1939246
1599193
2364826
2517454
1883143
1726706
707364
796460
596962
947625
832859
151562
90390
50278
26471
56059
