337243
14912671
22644885
17135714
13114792
11497228
6232523
5425476
29583867
15816325
15275967
20600381
17710542
7412644
9055732
9337721
3201928
6731501
4543558
20277060
14877694
11453319
13274781
14862949
10513690
8329186
34554431
37801487
7180834
7801969
6381056
6393963
5578363
5739662
6190601
5198830
6516530
4960781
4876023
7013013
10250816
26113743
22860019
4146191
11601071
11589115
8720528
7852064
6922163
3458958
4351089
3468038
1235756
1010776
4682485
5642819
5815666
7667415
6118130
5098216
5982646
6905077
7258180
5903236
5922485
6487715
10395993
12476436
10883852
13889966
12943936
8355811
7699623
8697196
8539884
10111273
34025057
8652970
12877164
11975956
6280571
6681274
7178853
6803527
7120614
7243569
6378767
6369153
6270064
9600822
10839240
8798342
9413866
8818409
10884020
9684889
10113016
3986512
8761637
6255843
5347529
6979884
22955881
19576633
6968696
4651140
3942750
6587403
12556616
21334076
12161730
8326048
8972855
8446369
7511410
12247427
13038195
12229430
12704190
12007698
12501375
13457876
8587729
7067075
13578682
13658286
13106871
9469564
12216668
9408461
12195097
12613176
6800911
8020179
7882490
8469705
10869298
8336931
9782551
11598573
9254020
6922363
8494032
6723557
9962942
10840351
8732970
7562882
3563377
4074589
3243768
4688403
4246384
1491121
1146202
447883
279272
803570
