337339
14912671
24132566
21016487
17473873
17432386
9099663
7044111
48103258
28884539
26873304
33588177
25684661
10838546
12783186
13101938
5268213
9838179
6126794
26576979
19285617
14817542
17002609
19316039
13919609
11073078
44076779
49215857
10019282
10921784
8768798
8740660
7610374
7822163
8433079
6951419
8625024
6833121
6808950
9608563
13956444
33926116
29928879
5545322
15180886
16044226
12394633
11196580
9698716
4738333
6072231
4799875
1790651
1529278
6558222
7961846
8148750
10662977
8793419
7475950
8601429
9576793
10221665
8760683
8711578
9417807
14377779
17340552
15365006
19021488
17918889
11843178
10916331
12021075
11809774
13817529
44222240
11574285
17560011
16439864
8847416
9530442
9945160
9471489
9833576
10023423
8908280
9004051
8764764
13175394
14191823
12316520
13245175
12490444
15265366
13365138
13994870
5391903
12114555
8739355
7401667
9761239
30352856
26354219
9662265
7008597
6126549
9409059
16742448
27817780
16060560
11168326
12064050
12122131
10969714
16960361
17875878
17343962
17781436
16547208
17390834
18638649
12036523
9918331
19006737
19028716
18031107
13308895
16649620
13175624
16608135
17077492
9645423
11281629
11179031
12016215
15214650
11200919
12984407
15340646
12480173
9581283
11843441
9470053
13845974
15054391
12467336
10680491
5208724
5906076
4674535
6705784
6312703
2410559
1922862
1128453
517365
1201371
